00000000000010001000000000000011
00000000000010001100000000000011
00000000000110000100000000000011
00000000000111100100000000000011
00000000001001101100000000000011
00000000001001111100000000000011
00000000001010111000000000000011
00000000001011001000000000000011
00000000001011011100000000000011
00000000001011110000000000000011
00000000001100101100000000000011
00000000001101000100000000000011
00000000001110100100000000000011
00000000010010101100000000000011
00000000010011100100000000000011
00000000010100000100000000000011
00000000010101100100000000000011
00000000010101110000000000000011
00000000010111001000000000000011
00000000010111010100000000000011
00000000011001010100000000000011
00000000011001011100000000000011
00000000011010001000000000000011
00000000011011001000000000000011
00000000011011010100000000000011
00000000011011100000000000000011
00000000011100110000000000000011
00000000011101000100000000000011
00000000011111000000000000000011
00000000011111010100000000000011
00000000100010100000000000000011
00000000100011100100000000000011
00000000100100100000000000000011
00000000100100110000000000000011
00000000100101111000000000000011
00000000100110010000000000000011
00000000100110101100000000000011
00000000101000000100000000000011
00000000101010100000000000000011
00000000101101110100000000000011
00000000101111111100000000000011
00000000110001000000000000000011
00000000110001011000000000000011
00000000110010000000000000000011
00000000110011011000000000000011
00000000110101111000000000000011
00000000110110000000000000000011
00000000110110010100000000000011
00000000110111000000000000000011
00000000111000000100000000000011
00000000111000011100000000000011
00000000111000111100000000000011
00000000111001001100000000000011
00000000111001111100000000000011
00000000111010000100000000000011
00000000111010110100000000000011
00000000111011110100000000000011
00000000111100010000000000000011
00000000111101000100000000000011
00000000111101010000000000000011
00000000111101110100000000000011
00000000111110001100000000000011
00000000111110111000000000000011
00000000111111101000000000000011
